// face 37.
// face state = 1
/* Options for the meshing: */
General.Verbosity   = 0;
Mesh.MshFileVersion = 2;
Mesh.Algorithm      = 5;
Mesh.Algorithm3D    = 4;
Mesh.Optimize       = 1;

Point(56) = {0.000043599805, 0.255947005528, -0.154018096816, 0.020490332281};
Point(57) = {-0.010802217739, 0.255621495833, -0.150804935580, 0.020490332281};
Point(58) = {-0.021472824961, 0.254903809908, -0.147606259081, 0.020490332281};
Point(59) = {-0.032103454558, 0.253738410835, -0.144377156310, 0.020490332281};
Point(60) = {-0.042676165186, 0.252125087256, -0.141122871931, 0.020490332281};
Point(61) = {-0.053171684388, 0.250068022868, -0.137849455041, 0.020490332281};
Point(62) = {-0.063571895344, 0.247570966353, -0.134562574675, 0.020490332281};
Point(63) = {-0.073917553191, 0.244615678444, -0.131248554546, 0.020672442150};
Point(2541) = {-0.068209951909, 0.224747766745, -0.131052571153, 0.020672442160};
Point(2542) = {-0.062502164908, 0.204879909255, -0.130856647360, 0.020672442160};
Point(2543) = {-0.056794590638, 0.185011990269, -0.130660655355, 0.020672442160};
Point(64) = {-0.051086563303, 0.165144200536, -0.130464808463, 0.020672442150};
Point(2528) = {-0.036371690802, 0.170641288433, -0.135300234131, 0.020490332281};
Point(2529) = {-0.021656105693, 0.176136232320, -0.140135667019, 0.020490332281};
Point(65) = {-0.006940490654, 0.181630814137, -0.144971074596, 0.020490332281};
Point(2536) = {-0.005192740474, 0.200209600897, -0.147233312490, 0.020490332281};
Point(2535) = {-0.003446130411, 0.218788563846, -0.149495232427, 0.020490332281};
Point(2534) = {-0.001700624324, 0.237367688607, -0.151756843658, 0.020490332281};
Line(214) = {56,57} ;
Line(233) = {57,58} ;
Line(252) = {58,59} ;
Line(271) = {59,60} ;
Line(290) = {60,61} ;
Line(308) = {61,62} ;
Line(326) = {62,63} ;
Line(530) = {63,2541} ;
Line(531) = {2541,2542} ;
Line(532) = {2542,2543} ;
Line(533) = {2543,64} ;
Line(513) = {64,2528} ;
Line(514) = {2528,2529} ;
Line(515) = {2529,65} ;
Line(521) = {56,2534} ;
Line(522) = {2534,2535} ;
Line(523) = {2535,2536} ;
Line(524) = {2536,65} ;
Line Loop(37) = {214,233,252,271,290,308,326,530,531,532,533,513,514,515,-524,-523,-522,-521};
Plane Surface(37) = {37}; Physical Surface(37) = {37};
