 0.441932185869 -0.838180043298  0.319609383638 -0.258240351385 -0.460080766139 -0.849492560030  0.859073840837  0.292882064397 -0.419776407561
 0.197995872535 -0.934685317408  0.295230404736  0.080650368008  0.315706371969  0.945423188228 -0.976879292748 -0.163379448279  0.137891273404
-0.086349178228  0.238267090139 -0.967353406556 -0.862813551122  0.467566510165  0.192183075664  0.498092958612  0.851240478554  0.165206090239
